24.418331
18.871897
15.542923
13.749797
12.432438
10.779954
9.679059
8.504039
7.848518
7.778211
6.871534
5.976367
5.639718
5.482801
5.551196
5.388404
5.226621
5.16354
5.564683
5.957756
6.274101
-9999
-9999
-9999
-9999
-9999
-9999
6.143736
67.386173
98.59951
80.011049
103.328494
96.736221
65.159635
59.196146
56.141688
46.823822
38.530109
34.144966
30.088306
26.788075
23.962136
20.621056
17.775907
15.857303
14.777229
17.461349
22.883208
23.845093
21.86127
19.853548
18.264846
17.236124
16.584315
15.375273
13.871548
13.038394
14.918089
15.247023
18.653939
24.390232
26.492173
25.443637
23.432959
22.280846
21.452868
22.858965
22.082662
20.443747
18.716441
18.244689
16.916135
15.284938
14.00103
13.50998
14.320551
27.354957
36.772176
48.00298
50.356696
45.946707
40.412788
34.953245
30.804001
27.969613
24.805747
23.038726
21.382703
19.574033
17.755825
16.264878
14.497697
12.911583
12.519697
11.880156
11.099295
10.792131
11.031519
11.063046
10.432581
10.405523
20.367295
18.812959
16.443959
15.842358
15.963371
14.906706
14.117884
13.188015
12.052954
11.928762
11.40644
10.633094
9.135218
8.348676
9.811417
16.038199
13.761059
12.086581
11.431914
10.747734
10.073772
9.441185
8.996614
8.189752
7.532977
7.249058
7.166745
7.313077
6.558072
5.795573
6.811404
6.169322
5.979106
6.403671
6.448726
6.43021
6.145124
8.532971
21.864815
12.78167
20.050647
34.547334
29.138713
25.69534
85.193173
100.145387
66.987341
68.474104
56.474726
64.028852
51.844541
42.472362
34.08307
28.545171
24.222246
19.870631
16.482535
14.196014
13.547897
12.503125
10.14463
7.988602
7.099181
7.62865
6.072319
4.959866
4.307747
3.575091
3.221764
3.453995
3.695777
3.149866
3.050426
3.158111
3.184428
3.059972
3.070111
2.96429
3.208235
2.971959
2.751832
2.570896
3.414943
3.114361
2.75413
2.543549
2.39239
2.246893
2.153437
2.092768
2.101726
2.092602
2.020425
2.014752
1.920806
1.842162
1.783579
1.64404
1.572092
1.523529
1.497957
1.451664
1.479384
1.546242
3.046824
2.146813
1.722019
1.666815
1.667242
1.275332
1.087724
0.92556
0.67994
0.601056
0.555497
0.514584
1.105949
0.928021
0.842865
0.757447
0.64441
0.523785
0.90173
0.752233
0.67974
0.582552
0.477594
0.441798
0.388685
0.659298
0.48012
0.451527
0.455111
0.414511
0.615602
1.954288
1.102016
0.732772
0.541513
0.472273
0.422664
0.5262
0.539527
0.373824
0.34133
0.308851
0.282294
0.389839
0.638005
0.846853
0.864731
4.892612
4.215498
2.351649
1.379381
1.398035
1.321851
1.438225
1.207433
1.649967
1.248832
1.081575
0.864161
0.918095
1.002674
1.230696
0.961648
0.870806
0.783057
0.862506
0.719318
0.70849
0.551869
0.569545
0.693346
0.569029
20.710242
18.880871
6.865578
4.494264
3.55993
6.741104
6.568946
7.008824
6.229404
4.869489
7.707324
6.104659
4.822442
4.128956
3.766368
3.113281
2.581633
2.376996
4.885591
4.477026
3.744079
4.321705
13.372075
10.924528
7.84025
6.144879
5.52428
5.37625
23.563112
26.079943
15.886635
13.810492
16.200393
16.683825
26.413423
39.878779
29.035381
22.71978
19.457412
16.657586
14.983722
12.390164
10.322547
9.210179
8.780785
8.341947
15.653733
13.222447
11.520031
9.950161
8.831097
8.149278
7.775023
7.094008
6.339268
6.693626
6.767524
6.159252
5.712104
5.713076
5.09869
5.265348
5.7021
5.441679
5.905663
5.57394
5.182886
5.25084
5.425117
5.185625
4.845879
4.671676
4.840734
4.596398
4.145028
4.403819
3.980393
3.824123
3.94586
12.347619
10.176256
15.453304
14.312491
15.322006
14.652353
22.499784
18.27357
17.510973
16.402562
15.506874
13.986495
13.023909
13.422182
12.729805
21.626249
18.437388
20.405184
22.715288
20.297429
18.259541
16.803059
15.761204
14.120361
14.246247
14.519285
13.089396
11.8654
10.879708
20.234155
22.748368
20.690171
22.405199
21.169239
27.833506
44.774207
37.473603
33.194181
29.561037
26.639798
24.925277
23.970456
21.386039
19.242926
17.987006
16.255086
14.467703
15.012038
14.740248
13.462218
12.230738
11.622273
17.215045
20.917042
19.330026
18.266869
17.208793
16.56007
16.390069
15.421818
14.713906
13.79492
12.658862
11.950986
11.492567
10.75553
10.356378
11.001998
10.782335
10.164323
9.602984
8.703207
8.046729
7.306062
6.844349
6.46795
6.074865
5.632728
5.757862
5.745789
5.023196
4.786958
5.101086
4.696422
4.425823
4.429503
6.119827
5.219167
5.107963
5.540585
5.775728
5.404966
5.262563
5.072437
4.864914
4.384758
4.088648
4.106752
4.452076
4.757175
4.555513
4.361442
4.268695
4.272012
3.979665
3.622333
3.758216
3.608329
3.432004
3.407258
3.241566
3.07616
3.137765
3.233944
3.032272
2.698903
2.692598
2.575222
2.243782
2.159488
2.362529
2.259015
1.995259
6.061627
17.877588
18.208916
8.376963
7.780429
5.718117
3.92954
3.377782
2.968987
2.474647
1.97248
1.775615
1.813361
1.778631
1.728317
2.212913
3.405043
2.560105
2.409335
2.000632
1.830519
1.347028
1.147602
0.802111
0.662873
0.336109
0.204309
0.187829
0.612968
0.367509
0.245181
0.501683
1.725654
1.040421
1.321179
1.167457
0.561848
0.453851
0.320873
0.57499
0.962808
0.794953
0.611382
0.442098
0.312218
2.411733
0.660839
43.112973
8.382199
4.601254
3.150225
2.241361
1.710589
1.321116
0.992249
0.83431
0.705359
0.53187
0.521248
2.429528
2.493053
3.021535
2.497373
1.406698
0.325878
0.48305
0.4799
0.178667
0.141846
0.064718
0.095529
0.048156
0.054958
0.028481
2.140779
12.23773
6.930812
5.769309
6.360065
4.393855
3.301672
1.665133
0.953405
0.603603
0.396544
0.272296
0.191608
0.572678
0.367916
0.149399
10.782832
1.04539
0.404255
0.249827
0.240198
22.17303
27.678204
10.559264
6.545522
4.452096
3.019714
2.385858
2.355767
1.913621
1.327966
1.157623
0.624994
4.918633
3.241756
1.491187
4.629456
5.725008
6.885889
5.674565
4.397387
3.264936
2.93412
2.433526
2.016218
1.825354
1.400093
1.391853
1.586774
10.742235
16.10069
7.937963
5.641862
4.662251
4.121519
3.558841
3.101579
2.848482
2.643328
2.343579
1.951323
1.664725
1.24396
1.175226
1.290439
1.297954
1.373099
1.175248
1.157704
1.06586
1.009118
0.956732
0.829029
0.789098
1.021417
6.806666
3.209986
2.412663
1.847794
1.205711
1.031828
1.045336
1.03605
0.895678
0.895646
0.768337
0.762039
0.80618
0.789423
0.755405
0.795363
1.464892
0.381115
3.701762
21.79129
7.906865
6.586355
7.582256
3.415751
4.286405
5.369749
5.116028
4.399485
3.902477
3.838424
3.660142
3.992868
3.79147
3.727811
3.703265
3.459456
3.219703
3.302464
3.361036
2.903047
2.633504
2.635834
2.501883
2.543623
3.167745
3.864357
3.404734
3.202559
2.964546
2.976025
2.69322
2.795811
2.622937
2.555214
2.56229
2.638485
31.488017
21.020167
20.322369
30.802991
21.899784
18.349493
15.648073
13.150718
11.367915
10.134425
9.134086
8.580387
7.949374
7.134789
6.831031
6.298394
5.682744
5.236759
4.837591
4.57932
4.416231
4.447125
3.589774
2.501976
2.537322
4.720196
8.400103
55.754499
56.925713
37.351264
29.442102
27.635014
23.907361
36.527435
37.495845
30.06876
25.625006
21.587337
19.046663
16.802984
14.815289
15.56601
13.843208
12.092481
12.295662
20.628504
37.112862
43.273249
44.557048
51.701439
44.809784
36.517261
31.415337
46.565012
62.535972
95.546467
67.769521
50.973385
42.971926
45.285769
41.46464
36.660865
31.972864
27.878203
24.917963
22.776854
19.787732
17.403546
15.365005
14.718248
14.234321
17.325765
19.867556
21.485107
28.865749
41.13121
30.669403
27.086405
25.572126
24.855957
21.693786
19.153205
17.01986
15.143354
14.196389
13.361797
13.111779
12.456951
12.076192
11.825054
11.240578
10.429445
9.468975
8.781588
7.877925
7.567328
7.555873
8.008075
7.279157
8.556553
10.422203
9.706447
9.147714
17.397023
19.164292
19.260996
23.049969
24.241514
24.591998
23.805212
23.536056
22.296821
21.093932
19.101897
18.457518
17.109674
15.406941
14.384062
13.163393
12.834546
12.874396
12.826044
11.479469
10.71069
10.442393
9.770026
8.77863
8.606823
8.350472
8.090294
8.420092
7.504301
6.603398
12.17778
19.421716
46.153929
41.535136
48.861515
42.432497
39.97278
33.667576
29.770818
26.251769
22.629107
20.687718
18.616907
16.784894
14.743109
12.974395
11.825997
10.936816
9.816939
9.527835
8.831997
8.040308
7.446125
6.54149
6.063128
5.584067
5.040144
5.087515
5.110306
10.767407
8.574511
6.629398
6.468695
6.651212
5.644016
5.931206
5.099102
4.259448
4.292848
4.57915
4.238458
4.102291
3.860088
3.540893
3.313754
2.937645
2.837783
2.334776
2.668704
2.606509
2.260054
1.993653
1.969968
1.849542
1.622966
1.627196
1.526816
1.702871
1.653256
1.587107
1.372065
1.494517
1.508525
1.343536
1.643991
1.283713
0.913469
0.795185
0.653788
0.572147
0.522457
0.535302
0.602977
0.479275
0.456393
0.395009
0.431227
0.38527
0.321956
0.338222
0.37645
0.694069
0.650672
0.579808
1.523814
2.825669
3.714022
1.638874
1.051155
0.689037
0.852325
0.537126
0.426541
0.140329
0.216116
0.206475
0.306456
0.333392
0.150782
0.310616
0.315667
0.284107
0.365145
0.36325
0.342682
0.22183
0.437654
0.482093
0.398528
0.316123
0.262393
0.08223
4.793734
0.623911
0.392438
0.263452
0.178808
0.050885
0.336215
0.290719
0.564419
0.313909
0.193449
0.157555
0.181167
0.14496
0.127533
0.153291
0.179845
0.179909
0.113079
0.086913
0.054659
0.055128
4.067164
0.321283
0.14527
0.134175
0.047637
0.047741
0.945726
1.553669
0.886208
0.345045
0.257407
0.233115
0.282097
0.265316
0.383227
0.782742
0.252642
0.259085
1.389353
0.434066
0.282558
0.20771
0.461493
0.220189
0.285524
0.316121
0.235072
0.227215
0.214042
0.241931
0.274223
0.317282
0.388467
0.361774
0.355183
0.268506
0.356508
0.842125
0.82415
0.514047
0.358904
0.387005
0.556901
0.9087
0.642797
0.456008
0.460169
0.721392
0.688831
0.656706
0.620153
0.513464
0.454253
0.641321
0.621185
0.622735
0.518392
0.388521
0.427714
0.464805
1.353489
0.639001
0.683847
0.801054
0.862333
0.964854
2.793781
2.877023
1.343599
0.997485
0.76709
0.747152
0.583958
0.45371
0.551057
0.526463
0.512561
0.66113
0.637831
0.676474
0.598415
0.666631
0.732306
0.811233
0.808923
0.777881
0.765854
0.776858
0.620153
0.522026
0.581254
0.490283
0.453829
0.4192
0.413633
0.430706
0.521205
0.489393
0.429516
1.462533
1.335369
3.106473
7.103129
4.295873
2.451987
1.864489
1.593253
2.038703
1.835579
1.627768
1.460863
7.73805
21.64296
34.297636
24.573917
15.602492
11.866875
9.220344
7.908478
6.490688
5.770311
5.588081
4.609157
4.870496
10.322082
8.855462
8.197842
7.100896
7.59766
7.969175
7.270544
6.740516
6.351479
6.124973
6.457674
6.222186
5.642859
5.886817
6.231738
5.68726
5.047149
4.688448
4.222519
4.223433
4.017889
7.317093
14.461141
15.101703
16.96072
15.06295
14.981331
16.039465
13.894992
13.188682
16.235448
22.579827
-9999
-9999
-9999
-9999
-9999
-9999
-9999
-9999
-9999
-9999
-9999
-9999
-9999
-9999
-9999
-9999
-9999
-9999
-9999
-9999
17.517095
19.508173
22.8447
24.430915
23.071457
20.843161
26.241241
35.07356
40.645547
37.445989
33.127436
30.247736
43.163267
34.951078
27.866289
25.252043
22.887992
20.811797
22.393728
44.490382
37.383955
69.780614
53.853118
48.026933
40.424149
35.294958
29.46965
24.575869
21.655856
20.858822
18.914856
16.972813
22.858987
20.687357
19.982822
18.236769
17.004084
15.292344
13.741963
12.547774
11.309854
10.237401
9.750376
8.958825
8.378552
7.691635
6.937422
6.583335
6.237093
6.006363
5.892014
5.51542
6.150663
5.828721
5.560486
8.674594
15.443117
13.541014
19.400544
113.67114
82.107844
66.821929
54.033702
53.38014
47.042426
41.448781
35.409018
30.363167
26.219279
23.122281
20.835289
19.908118
16.993101
14.864128
15.11145
19.05834
14.310609
14.231106
14.236287
13.086719
11.993123
12.306438
11.843871
11.909214
14.036164
12.009422
10.280654
9.101957
8.363818
8.551597
6.51079
6.02769
5.368609
4.990627
4.540968
4.319355
3.769702
3.344512
3.137534
2.993173
2.755869
2.797507
2.709491
2.345982
2.370086
2.005466
3.404877
7.296716
2.172888
2.133433
1.866284
1.467837
1.894978
1.9752
1.573497
2.33996
1.829068
1.709702
8.95159
4.092378
4.699488
4.857672
4.482569
3.807784
2.555667
1.511484
0.942042
0.997192
0.898497
0.780168
0.637056
2.174046
2.259874
1.868474
2.864543
2.926323
3.146534
2.632983
2.23944
2.245547
2.252117
2.029855
1.785894
11.383215
8.095424
4.995204
3.610664
3.48758
2.814879
2.377824
2.108386
1.900737
1.823474
1.766813
1.669153
1.358496
1.25205
1.178316
1.025097
0.967125
1.029848
0.938076
2.027277
1.205183
0.825941
0.862853
0.843155
0.673221
0.864585
0.742773
0.941376
0.876224
2.324749
0.983875
0.845552
0.762808
0.788782
0.74612
0.795069
0.648771
0.621477
0.414282
0.545138
0.806822
1.173837
0.948606
0.787572
0.718441
0.584146
0.525688
0.595616
0.53169
0.612449
0.498112
0.43211
0.397949
0.314559
0.281566
0.289159
0.37334
0.441026
0.426796
0.400497
0.290714
0.258667
0.221117
0.154133
0.166712
0.405896
0.164108
0.091616
0.124919
0.133059
0.079589
0.071095
0.196634
0.203713
0.158809
0.121657
0.277266
0.291304
0.254395
0.288516
0.262065
0.292747
0.388326
0.282904
0.263811
0.67067
0.42151
0.294111
0.31198
0.25692
0.177704
0.123424
0.13279
0.103374
0.062406
0.069827
0.536095
1.112481
1.097666
1.855835
1.543922
1.419513
1.447856
1.387699
1.601107
2.150463
2.149589
2.01451
2.190437
2.230597
2.324864
2.237421
2.22384
2.383007
2.20354
2.184616
2.192242
2.283406
3.127501
2.666176
2.78843
2.726416
3.193445
3.883982
3.061952
2.556083
2.419092
2.460045
2.391391
2.428228
2.418025
2.655645
2.558833
2.715995
3.624203
3.226817
3.551767
3.772956
3.928129
5.782891
11.36022
6.61794
4.741424
4.222565
4.521476
11.04024
8.805645
11.054335
8.602058
6.936625
6.053484
5.378617
4.958714
4.675723
4.342186
4.086791
3.91826
3.852809
3.971793
-9999
3.059105
3.163502
3.207182
3.657785
5.361678
3.356678
3.219573
3.341401
3.23561
3.505606
3.580689
3.556574
3.457692
3.808543
3.677545
3.549057
3.196081
3.181549
3.326469
3.266387
3.133773
3.324144
3.584695
3.548042
3.545211
3.442165
3.118225
3.043744
3.05141
3.061955
3.009692